0.000000
0.000000
0.015924
0.087735
0.259184
0.553379
0.954364
1.402763
1.808294
2.075482
2.133684
1.960667
1.591106
1.106737
0.611580
0.200982
-0.064638
-0.172420
-0.152373
-0.058201
0.058201
0.152373
0.188343
0.152373
0.058201
-0.058201
-0.152373
-0.188343
-0.152373
-0.058201
0.058201
0.152373
0.188343
0.152373
0.058201
-0.058201
-0.152373
-0.188343
-0.152373
-0.058201
0.058201
0.152373
0.188343
0.152373
0.058201
-0.058201
-0.152373
-0.188343
-0.152373
-0.058201
0.058201
0.152373
0.188343
0.152373
0.058201
-0.058201
-0.152373
-0.188343
-0.152373
-0.058201
0.058201
0.152373
0.188343
0.152373
0.058201
-0.058201
-0.152373
-0.188343
-0.152373
-0.058201
0.058201
0.152373
0.188343
0.152373
0.058201
-0.058201
-0.152373
-0.188343
-0.152373
-0.058201
0.058201
0.152373
0.188343
0.152373
0.058201
-0.058201
-0.152373
-0.188343
-0.152373
-0.058201
0.058201
0.152373
0.188343
0.152373
0.058201
-0.058201
-0.152373
-0.188343
-0.152373
-0.058201
0.058201
0.152373
0.172420
0.064638
-0.200982
-0.611580
-1.106737
-1.591106
-1.960667
-2.133684
-2.075482
-1.808294
-1.402763
-0.954364
-0.553379
-0.259184
-0.087735
-0.015924
0.000000
